921   0.1   0.0001   99.9976   -1999.99
922   0.1001   0.0001   99.7979   -1994
923   0.1004   0.0001   99.2024   -1976.18
924   0.1006   0.0001   98.8083   -1964.42
925   0.1009   0.0001   98.2216   -1946.95
926   0.1011   0.0001   97.8334   -1935.41
927   0.1014   0.0001   97.2553   -1918.29
928   0.1016   0.0001   96.8728   -1906.98
929   0.1019   0.0001   96.3032   -1890.19
930   0.1021   0.0001   95.9263   -1879.1
931   0.1023   0.0001   95.5515   -1868.1
932   0.1026   0.0001   94.9935   -1851.76
933   0.1028   0.0001   94.6243   -1840.98
934   0.1031   0.0001   94.0744   -1824.95
935   0.1033   0.0001   93.7104   -1814.37
936   0.1036   0.0001   93.1685   -1798.65
937   0.1038   0.0001   92.8098   -1788.28
938   0.1041   0.0001   92.2756   -1772.86
939   0.1043   0.0001   91.922   -1762.68
940   0.1045   0.0001   91.5705   -1752.58
941   0.1048   0.0001   91.047   -1737.57
942   0.105   0.0001   90.7005   -1727.66
943   0.1053   0.0001   90.1844   -1712.94
944   0.1055   0.0001   89.8427   -1703.22
945   0.1058   0.0001   89.3339   -1688.77
946   0.106   0.0001   88.9971   -1679.23
947   0.1063   0.0001   88.4955   -1665.05
948   0.1065   0.0001   88.1634   -1655.69
949   0.1067   0.0001   87.8332   -1646.39
950   0.107   0.0001   87.3413   -1632.58
951   0.1072   0.0001   87.0157   -1623.46
952   0.1075   0.0001   86.5307   -1609.91
953   0.1077   0.0001   86.2096   -1600.96
954   0.108   0.0001   85.7313   -1587.65
955   0.1082   0.0001   85.4147   -1578.86
956   0.1084   0.0001   85.0997   -1570.14
957   0.1087   0.0001   84.6306   -1557.18
958   0.1089   0.0001   84.3201   -1548.61
959   0.1092   0.0001   83.8574   -1535.89
960   0.1094   0.0001   83.551   -1527.48
961   0.1097   0.0001   83.0947   -1514.98
962   0.1099   0.0001   82.7925   -1506.72
963   0.1102   0.0001   82.3423   -1494.45
964   0.1104   0.0001   82.0442   -1486.34
965   0.1106   0.0001   81.7477   -1478.29
966   0.1109   0.0001   81.306   -1466.33
967   0.1111   0.0001   81.0136   -1458.43
968   0.1114   0.0001   80.5778   -1446.67
969   0.1116   0.0001   80.2892   -1438.91
970   0.1119   0.0001   79.8593   -1427.37
971   0.1121   0.0001   79.5746   -1419.74
972   0.1124   0.0001   79.1503   -1408.4
973   0.1126   0.0001   78.8694   -1400.91
974   0.1128   0.0001   78.5899   -1393.47
975   0.1131   0.0001   78.1736   -1382.41
976   0.1133   0.0001   77.8978   -1375.11
977   0.1136   0.0001   77.4869   -1364.24
978   0.1138   0.0001   77.2148   -1357.06
979   0.1141   0.0001   76.8092   -1346.38
980   0.1143   0.0001   76.5406   -1339.33
981   0.1146   0.0001   76.1404   -1328.84
982   0.1148   0.0001   75.8753   -1321.91
983   0.115   0.0001   75.6116   -1315.02
984   0.1153   0.0001   75.2187   -1304.78
985   0.1155   0.0001   74.9584   -1298.02
986   0.1158   0.0001   74.5705   -1287.95
987   0.116   0.0001   74.3135   -1281.3
988   0.1163   0.0001   73.9306   -1271.41
989   0.1165   0.0001   73.677   -1264.88
990   0.1167   0.0001   73.4247   -1258.38
991   0.117   0.0001   73.0486   -1248.73
992   0.1172   0.0001   72.7995   -1242.35
993   0.1175   0.0001   72.4282   -1232.86
994   0.1177   0.0001   72.1822   -1226.58
995   0.118   0.0001   71.8156   -1217.25
996   0.1182   0.0001   71.5728   -1211.08
997   0.1185   0.0001   71.2108   -1201.91
998   0.1187   0.0001   70.9711   -1195.84
999   0.1189   0.0001   70.7325   -1189.82
1000   0.1192   0.0001   70.3769   -1180.86
1001   0.1194   0.0001   70.1413   -1174.93
1002   0.1197   0.0001   69.7901   -1166.12
1003   0.1199   0.0001   69.5575   -1160.29
1004   0.1202   0.0001   69.2107   -1151.63
1005   0.1204   0.0001   68.9809   -1145.9
1006   0.1207   0.0001   68.6384   -1137.37
1007   0.1209   0.0001   68.4115   -1131.74
1008   0.1211   0.0001   68.1857   -1126.14
1009   0.1214   0.0001   67.8491   -1117.81
1010   0.1216   0.0001   67.6261   -1112.31
1011   0.1219   0.0001   67.2936   -1104.11
1012   0.1221   0.0001   67.0733   -1098.7
1013   0.1224   0.0001   66.7449   -1090.64
1014   0.1226   0.0001   66.5273   -1085.31
1015   0.1229   0.0001   66.2029   -1077.38
1016   0.1231   0.0001   65.988   -1072.14
1017   0.1233   0.0001   65.774   -1066.93
1018   0.1236   0.0001   65.4551   -1059.18
1019   0.1238   0.0001   65.2438   -1054.05
1020   0.1241   0.0001   64.9287   -1046.43
1021   0.1243   0.0001   64.7199   -1041.39
1022   0.1246   0.0001   64.4086   -1033.88
1023   0.1248   0.0001   64.2023   -1028.92
1024   0.125   0.0001   63.997   -1023.99
1025   0.1255   0.0001   63.4881   -1011.8
1026   0.126   0.0001   62.9852   -999.8
1027   0.1265   0.0001   62.4882   -987.992
1028   0.127   0.0001   61.9971   -976.368
1029   0.1275   0.0001   61.5118   -964.926
1030   0.128   0.0001   61.0321   -953.662
1031   0.1285   0.0001   60.558   -942.573
1032   0.129   0.0001   60.0895   -931.656
1033   0.1294   0.0001   59.7185   -923.042
1034   0.1299   0.0001   59.2597   -912.425
1035   0.1304   0.0001   58.806   -901.969
1036   0.1309   0.0001   58.3576   -891.672
1037   0.1314   0.0001   57.9143   -881.532
1038   0.1319   0.0001   57.476   -871.545
1039   0.1324   0.0001   57.0427   -861.708
1040   0.1329   0.0001   56.6143   -852.018
1041   0.1334   0.0001   56.1906   -842.474
1042   0.1338   0.0001   55.8551   -834.94
1043   0.1343   0.0001   55.44   -825.65
1044   0.1348   0.0001   55.0294   -816.496
1045   0.1353   0.0001   54.6234   -807.477
1046   0.1358   0.0001   54.2219   -798.591
1047   0.1363   0.0001   53.8248   -789.834
1048   0.1368   0.0001   53.432   -781.205
1049   0.1373   0.0001   53.0435   -772.701
1050   0.1377   0.0001   52.7358   -765.987
1051   0.1382   0.0001   52.3548   -757.703
1052   0.1387   0.0001   51.978   -749.538
1053   0.1392   0.0001   51.6052   -741.49
1054   0.1397   0.0001   51.2365   -733.557
1055   0.1402   0.0001   50.8716   -725.736
1056   0.1407   0.0001   50.5107   -718.027
1057   0.1412   0.0001   50.1535   -710.426
1058   0.1417   0.0001   49.8002   -702.932
1059   0.1421   0.0001   49.5202   -697.012
1060   0.1426   0.0001   49.1735   -689.706
1061   0.1431   0.0001   48.8304   -682.502
1062   0.1436   0.0001   48.4909   -675.397
1063   0.1441   0.0001   48.155   -668.391
1064   0.1446   0.0001   47.8225   -661.481
1065   0.1451   0.0001   47.4934   -654.666
1066   0.1456   0.0001   47.1678   -647.945
1067   0.146   0.0001   46.9096   -642.634
1068   0.1465   0.0001   46.59   -636.076
1069   0.147   0.0001   46.2735   -629.607
1070   0.1475   0.0001   45.9603   -623.226
1071   0.148   0.0001   45.6502   -616.931
1072   0.1485   0.0001   45.3433   -610.72
1073   0.149   0.0001   45.0395   -604.592
1074   0.1495   0.0001   44.7387   -598.546
1075   0.15   0.0001   44.4409   -592.581
1076   0.1504   0.0001   44.2048   -587.865
1077   0.1509   0.0001   43.9123   -582.041
1078   0.1514   0.0001   43.6227   -576.293
1079   0.1519   0.0001   43.3359   -570.621
1080   0.1524   0.0001   43.052   -565.023
1081   0.1529   0.0001   42.7709   -559.498
1082   0.1534   0.0001   42.4925   -554.044
1083   0.1539   0.0001   42.2168   -548.662
1084   0.1543   0.0001   41.9982   -544.406
1085   0.1548   0.0001   41.7273   -539.147
1086   0.1553   0.0001   41.459   -533.957
1087   0.1558   0.0001   41.1933   -528.832
1088   0.1563   0.0001   40.9301   -523.773
1089   0.1568   0.0001   40.6694   -518.778
1090   0.1573   0.0001   40.4113   -513.847
1091   0.1578   0.0001   40.1555   -508.978
1092   0.1583   0.0001   39.9022   -504.17
1093   0.1587   0.0001   39.7013   -500.367
1094   0.1592   0.0001   39.4523   -495.667
1095   0.1597   0.0001   39.2056   -491.026
1096   0.1602   0.0001   38.9612   -486.443
1097   0.1607   0.0001   38.7191   -481.916
1098   0.1612   0.0001   38.4793   -477.446
1099   0.1617   0.0001   38.2416   -473.03
1100   0.1622   0.0001   38.0062   -468.669
1101   0.1626   0.0001   37.8194   -465.219
1102   0.1631   0.0001   37.5878   -460.953
1103   0.1636   0.0001   37.3584   -456.74
1104   0.1641   0.0001   37.1311   -452.577
1105   0.1646   0.0001   36.9058   -448.466
1106   0.1651   0.0001   36.6825   -444.403
1107   0.1656   0.0001   36.4613   -440.39
1108   0.1661   0.0001   36.2421   -436.425
1109   0.1666   0.0001   36.0249   -432.507
1110   0.167   0.0001   35.8525   -429.406
1111   0.1675   0.0001   35.6387   -425.572
1112   0.168   0.0001   35.4268   -421.784
1113   0.1685   0.0001   35.2169   -418.04
1114   0.169   0.0001   35.0088   -414.341
1115   0.1695   0.0001   34.8025   -410.685
1116   0.17   0.0001   34.598   -407.071
1117   0.1705   0.0001   34.3954   -403.501
1118   0.1709   0.0001   34.2345   -400.674
1119   0.1714   0.0001   34.0351   -397.177
1120   0.1719   0.0001   33.8373   -393.722
1121   0.1724   0.0001   33.6413   -390.306
1122   0.1729   0.0001   33.447   -386.929
1123   0.1734   0.0001   33.2543   -383.592
1124   0.1739   0.0001   33.0633   -380.293
1125   0.1744   0.0001   32.874   -377.031
1126   0.1749   0.0001   32.6863   -373.806
1127   0.1753   0.0001   32.5372   -371.253
1128   0.1758   0.0001   32.3524   -368.095
1129   0.1763   0.0001   32.1691   -364.971
1130   0.1768   0.0001   31.9874   -361.884
1131   0.1773   0.0001   31.8072   -358.831
1132   0.1778   0.0001   31.6285   -355.812
1133   0.1783   0.0001   31.4513   -352.827
1134   0.1788   0.0001   31.2756   -349.875
1135   0.1792   0.0001   31.1361   -347.537
1136   0.1797   0.0001   30.9631   -344.644
1137   0.1802   0.0001   30.7914   -341.783
1138   0.1807   0.0001   30.6212   -338.954
1139   0.1812   0.0001   30.4525   -336.155
1140   0.1817   0.0001   30.285   -333.388
1141   0.1822   0.0001   30.119   -330.651
1142   0.1827   0.0001   29.9544   -327.943
1143   0.1832   0.0001   29.791   -325.265
1144   0.1836   0.0001   29.6613   -323.144
1145   0.1841   0.0001   29.5004   -320.518
1146   0.1846   0.0001   29.3408   -317.921
1147   0.1851   0.0001   29.1824   -315.351
1148   0.1856   0.0001   29.0254   -312.809
1149   0.1861   0.0001   28.8696   -310.295
1150   0.1866   0.0001   28.7151   -307.807
1151   0.1871   0.0001   28.5618   -305.346
1152   0.1875   0.0001   28.44   -303.396
1153   0.188   0.0001   28.2889   -300.981
1154   0.1885   0.0001   28.139   -298.592
1155   0.189   0.0001   27.9903   -296.229
1156   0.1895   0.0001   27.8427   -293.89
1157   0.19   0.0001   27.6963   -291.576
1158   0.1905   0.0001   27.5511   -289.286
1159   0.191   0.0001   27.407   -287.02
1160   0.1915   0.0001   27.264   -284.777
1161   0.1919   0.0001   27.1505   -283
1162   0.1924   0.0001   27.0095   -280.8
1163   0.1929   0.0001   26.8696   -278.622
1164   0.1934   0.0001   26.7308   -276.466
1165   0.1939   0.0001   26.5931   -274.333
1166   0.1944   0.0001   26.4565   -272.221
1167   0.1949   0.0001   26.3209   -270.132
1168   0.1954   0.0001   26.1863   -268.063
1169   0.1959   0.0001   26.0528   -266.016
1170   0.1963   0.0001   25.9467   -264.393
1171   0.1968   0.0001   25.8149   -262.383
1172   0.1973   0.0001   25.6842   -260.393
1173   0.1978   0.0001   25.5545   -258.423
1174   0.1983   0.0001   25.4258   -256.473
1175   0.1988   0.0001   25.298   -254.543
1176   0.1993   0.0001   25.1712   -252.632
1177   0.1998   0.0001   25.0453   -250.74
1178   0.2002   0.0001   24.9453   -249.24
1179   0.2007   0.0001   24.8212   -247.381
1180   0.2012   0.0001   24.6979   -245.542
1181   0.2017   0.0001   24.5756   -243.72
1182   0.2022   0.0001   24.4541   -241.916
1183   0.2027   0.0001   24.3336   -240.13
1184   0.2032   0.0001   24.214   -238.362
1185   0.2037   0.0001   24.0952   -236.611
1186   0.2042   0.0001   23.9773   -234.877
1187   0.2046   0.0001   23.8836   -233.502
1188   0.2051   0.0001   23.7673   -231.799
1189   0.2056   0.0001   23.6518   -230.112
1190   0.2061   0.0001   23.5371   -228.441
1191   0.2066   0.0001   23.4233   -226.786
1192   0.2071   0.0001   23.3103   -225.147
1193   0.2076   0.0001   23.1981   -223.524
1194   0.2081   0.0001   23.0868   -221.917
1195   0.2085   0.0001   22.9982   -220.642
1196   0.209   0.0001   22.8883   -219.062
1197   0.2095   0.0001   22.7791   -217.497
1198   0.21   0.0001   22.6708   -215.948
1199   0.2105   0.0001   22.5631   -214.412
1200   0.211   0.0001   22.4563   -212.892
1201   0.2115   0.0001   22.3502   -211.385
1202   0.212   0.0001   22.2449   -209.893
1203   0.2125   0.0001   22.1403   -208.415
1204   0.2129   0.0001   22.0571   -207.242
1205   0.2134   0.0001   21.9539   -205.789
1206   0.2139   0.0001   21.8513   -204.349
1207   0.2144   0.0001   21.7495   -202.923
1208   0.2149   0.0001   21.6484   -201.509
1209   0.2154   0.0001   21.5479   -200.109
1210   0.2159   0.0001   21.4482   -198.722
1211   0.2164   0.0001   21.3492   -197.348
1212   0.2168   0.0001   21.2704   -196.257
1213   0.2173   0.0001   21.1726   -194.906
1214   0.2178   0.0001   21.0755   -193.566
1215   0.2183   0.0001   20.979   -192.239
1216   0.2188   0.0001   20.8832   -190.924
1217   0.2193   0.0001   20.7881   -189.621
1218   0.2198   0.0001   20.6936   -188.33
1219   0.2203   0.0001   20.5997   -187.051
1220   0.2208   0.0001   20.5065   -185.783
1221   0.2212   0.0001   20.4323   -184.777
1222   0.2217   0.0001   20.3403   -183.529
1223   0.2222   0.0001   20.2488   -182.293
1224   0.2227   0.0001   20.1579   -181.068
1225   0.2232   0.0001   20.0677   -179.854
1226   0.2237   0.0001   19.978   -178.65
1227   0.2242   0.0001   19.889   -177.457
1228   0.2247   0.0001   19.8005   -176.275
1229   0.2251   0.0001   19.7302   -175.337
1230   0.2256   0.0001   19.6428   -174.174
1231   0.2261   0.0001   19.556   -173.021
1232   0.2266   0.0001   19.4697   -171.878
1233   0.2271   0.0001   19.3841   -170.745
1234   0.2276   0.0001   19.299   -169.622
1235   0.2281   0.0001   19.2144   -168.509
1236   0.2286   0.0001   19.1304   -167.406
1237   0.2291   0.0001   19.047   -166.312
1238   0.2295   0.0001   18.9806   -165.444
1239   0.23   0.0001   18.8981   -164.367
1240   0.2305   0.0001   18.8162   -163.3
1241   0.231   0.0001   18.7348   -162.242
1242   0.2315   0.0001   18.6539   -161.193
1243   0.232   0.0001   18.5736   -160.153
1244   0.2325   0.0001   18.4937   -159.121
1245   0.233   0.0001   18.4144   -158.099
1246   0.2334   0.0001   18.3513   -157.288
1247   0.2339   0.0001   18.2729   -156.281
1248   0.2344   0.0001   18.195   -155.283
1249   0.2349   0.0001   18.1176   -154.294
1250   0.2354   0.0001   18.0407   -153.312
1251   0.2359   0.0001   17.9642   -152.339
1252   0.2364   0.0001   17.8883   -151.375
1253   0.2369   0.0001   17.8128   -150.418
1254   0.2374   0.0001   17.7378   -149.47
1255   0.2378   0.0001   17.6782   -148.717
1256   0.2383   0.0001   17.604   -147.783
1257   0.2388   0.0001   17.5304   -146.856
1258   0.2393   0.0001   17.4572   -145.937
1259   0.2398   0.0001   17.3844   -145.026
1260   0.2403   0.0001   17.3121   -144.123
1261   0.2408   0.0001   17.2402   -143.227
1262   0.2413   0.0001   17.1688   -142.338
1263   0.2417   0.0001   17.112   -141.633
1264   0.2422   0.0001   17.0414   -140.757
1265   0.2427   0.0001   16.9712   -139.889
1266   0.2432   0.0001   16.9015   -139.028
1267   0.2437   0.0001   16.8322   -138.174
1268   0.2442   0.0001   16.7633   -137.327
1269   0.2447   0.0001   16.6948   -136.487
1270   0.2452   0.0001   16.6267   -135.653
1271   0.2457   0.0001   16.5591   -134.827
1272   0.2461   0.0001   16.5053   -134.17
1273   0.2466   0.0001   16.4384   -133.356
1274   0.2471   0.0001   16.3719   -132.548
1275   0.2476   0.0001   16.3058   -131.746
1276   0.2481   0.0001   16.2401   -130.952
1277   0.2486   0.0001   16.1748   -130.163
1278   0.2491   0.0001   16.1099   -129.381
1279   0.2496   0.0001   16.0454   -128.605
1280   0.25   0.0001   15.9941   -127.988
1281   0.251   0.0001   15.8668   -126.464
1282   0.252   0.0001   15.7411   -124.965
1283   0.253   0.0001   15.6168   -123.489
1284   0.254   0.0001   15.494   -122.036
1285   0.2549   0.0001   15.3847   -120.747
1286   0.2559   0.0001   15.2647   -119.337
1287   0.2569   0.0001   15.146   -117.949
1288   0.2579   0.0001   15.0287   -116.582
1289   0.2588   0.0001   14.9243   -115.37
1290   0.2598   0.0001   14.8095   -114.043
1291   0.2608   0.0001   14.6961   -112.736
1292   0.2618   0.0001   14.584   -111.449
1293   0.2627   0.0001   14.4842   -110.307
1294   0.2637   0.0001   14.3744   -109.057
1295   0.2647   0.0001   14.266   -107.825
1296   0.2657   0.0001   14.1587   -106.612
1297   0.2667   0.0001   14.0527   -105.417
1298   0.2676   0.0001   13.9582   -104.357
1299   0.2686   0.0001   13.8544   -103.196
1300   0.2696   0.0001   13.7518   -102.052
1301   0.2706   0.0001   13.6502   -100.924
1302   0.2715   0.0001   13.5598   -99.9239
1303   0.2725   0.0001   13.4604   -98.8277
1304   0.2735   0.0001   13.3621   -97.7475
1305   0.2745   0.0001   13.2649   -96.6829
1306   0.2754   0.0001   13.1782   -95.738
1307   0.2764   0.0001   13.083   -94.7026
1308   0.2774   0.0001   12.9888   -93.682
1309   0.2784   0.0001   12.8955   -92.6759
1310   0.2793   0.0001   12.8125   -91.7828
1311   0.2803   0.0001   12.7212   -90.8038
1312   0.2813   0.0001   12.6308   -89.8387
1313   0.2823   0.0001   12.5414   -88.8873
1314   0.2833   0.0001   12.453   -87.9492
1315   0.2842   0.0001   12.3742   -87.1162
1316   0.2852   0.0001   12.2875   -86.2029
1317   0.2862   0.0001   12.2017   -85.3024
1318   0.2872   0.0001   12.1168   -84.4143
1319   0.2881   0.0001   12.0411   -83.6255
1320   0.2891   0.0001   11.9579   -82.7606
1321   0.2901   0.0001   11.8755   -81.9076
1322   0.2911   0.0001   11.794   -81.0663
1323   0.292   0.0001   11.7214   -80.3189
1324   0.293   0.0001   11.6414   -79.4992
1325   0.294   0.0001   11.5623   -78.6906
1326   0.295   0.0001   11.484   -77.893
1327   0.2959   0.0001   11.4142   -77.1843
1328   0.2969   0.0001   11.3373   -76.4069
1329   0.2979   0.0001   11.2613   -75.6399
1330   0.2989   0.0001   11.186   -74.8831
1331   0.2999   0.0001   11.1114   -74.1364
1332   0.3008   0.0001   11.045   -73.4728
1333   0.3018   0.0001   10.9718   -72.7448
1334   0.3028   0.0001   10.8994   -72.0263
1335   0.3038   0.0001   10.8277   -71.3173
1336   0.3047   0.0001   10.7638   -70.6871
1337   0.3057   0.0001   10.6934   -69.9956
1338   0.3067   0.0001   10.6237   -69.313
1339   0.3077   0.0001   10.5547   -68.6393
1340   0.3086   0.0001   10.4932   -68.0404
1341   0.3096   0.0001   10.4254   -67.3831
1342   0.3106   0.0001   10.3583   -66.7343
1343   0.3116   0.0001   10.2919   -66.0937
1344   0.3125   0.0001   10.2326   -65.5242
1345   0.3135   0.0001   10.1674   -64.8991
1346   0.3145   0.0001   10.1027   -64.2819
1347   0.3155   0.0001   10.0387   -63.6724
1348   0.3165   0.0001   9.97532   -63.0707
1349   0.3174   0.0001   9.91877   -62.5356
1350   0.3184   0.0001   9.85649   -61.9481
1351   0.3194   0.0001   9.7948   -61.368
1352   0.3204   0.0001   9.73368   -60.7951
1353   0.3213   0.0001   9.67916   -60.2855
1354   0.3223   0.0001   9.61912   -59.726
1355   0.3233   0.0001   9.55964   -59.1734
1356   0.3243   0.0001   9.50071   -58.6276
1357   0.3252   0.0001   9.44813   -58.1421
1358   0.3262   0.0001   9.39022   -57.6089
1359   0.3272   0.0001   9.33284   -57.0822
1360   0.3282   0.0001   9.27598   -56.5619
1361   0.3292   0.0001   9.21964   -56.0479
1362   0.3301   0.0001   9.16937   -55.5906
1363   0.3311   0.0001   9.114   -55.0883
1364   0.3321   0.0001   9.05912   -54.5921
1365   0.3331   0.0001   9.00474   -54.1018
1366   0.334   0.0001   8.95622   -53.6655
1367   0.335   0.0001   8.90275   -53.1863
1368   0.336   0.0001   8.84977   -52.7127
1369   0.337   0.0001   8.79726   -52.2447
1370   0.3379   0.0001   8.75039   -51.8283
1371   0.3389   0.0001   8.69876   -51.3707
1372   0.3399   0.0001   8.64758   -50.9186
1373   0.3409   0.0001   8.59685   -50.4717
1374   0.3418   0.0001   8.55157   -50.0739
1375   0.3428   0.0001   8.50168   -49.6369
1376   0.3438   0.0001   8.45223   -49.2049
1377   0.3448   0.0001   8.4032   -48.7779
1378   0.3458   0.0001   8.3546   -48.3559
1379   0.3467   0.0001   8.31122   -47.9802
1380   0.3477   0.0001   8.26341   -47.5673
1381   0.3487   0.0001   8.21601   -47.1591
1382   0.3497   0.0001   8.16902   -46.7556
1383   0.3506   0.0001   8.12707   -46.3964
1384   0.3516   0.0001   8.08084   -46.0015
1385   0.3526   0.0001   8.035   -45.6112
1386   0.3536   0.0001   7.98954   -45.2252
1387   0.3545   0.0001   7.94896   -44.8815
1388   0.3555   0.0001   7.90423   -44.5037
1389   0.3565   0.0001   7.85988   -44.1302
1390   0.3575   0.0001   7.8159   -43.7608
1391   0.3584   0.0001   7.77664   -43.4319
1392   0.3594   0.0001   7.73335   -43.0702
1393   0.3604   0.0001   7.69042   -42.7126
1394   0.3614   0.0001   7.64785   -42.3589
1395   0.3624   0.0001   7.60564   -42.0092
1396   0.3633   0.0001   7.56794   -41.6976
1397   0.3643   0.0001   7.52637   -41.3551
1398   0.3653   0.0001   7.48515   -41.0163
1399   0.3663   0.0001   7.44427   -40.6812
1400   0.3672   0.0001   7.40776   -40.3827
1401   0.3682   0.0001   7.36751   -40.0545
1402   0.3692   0.0001   7.32758   -39.7298
1403   0.3702   0.0001   7.28798   -39.4086
1404   0.3711   0.0001   7.25261   -39.1225
1405   0.3721   0.0001   7.21361   -38.8078
1406   0.3731   0.0001   7.17492   -38.4965
1407   0.3741   0.0001   7.13654   -38.1886
1408   0.375   0.0001   7.10227   -37.9142
1409   0.376   0.0001   7.06447   -37.6124
1410   0.377   0.0001   7.02697   -37.3138
1411   0.378   0.0001   6.98977   -37.0183
1412   0.379   0.0001   6.95286   -36.726
1413   0.3799   0.0001   6.91989   -36.4655
1414   0.3809   0.0001   6.88354   -36.179
1415   0.3819   0.0001   6.84747   -35.8954
1416   0.3829   0.0001   6.81168   -35.6148
1417   0.3838   0.0001   6.7797   -35.3648
1418   0.3848   0.0001   6.74444   -35.0897
1419   0.3858   0.0001   6.70945   -34.8174
1420   0.3868   0.0001   6.67474   -34.548
1421   0.3877   0.0001   6.64372   -34.3079
1422   0.3887   0.0001   6.60951   -34.0437
1423   0.3897   0.0001   6.57556   -33.7822
1424   0.3907   0.0001   6.54187   -33.5234
1425   0.3917   0.0001   6.50845   -33.2672
1426   0.3926   0.0001   6.47858   -33.0388
1427   0.3936   0.0001   6.44563   -32.7876
1428   0.3946   0.0001   6.41293   -32.5388
1429   0.3956   0.0001   6.38048   -32.2926
1430   0.3965   0.0001   6.35148   -32.0732
1431   0.3975   0.0001   6.3195   -31.8316
1432   0.3985   0.0001   6.28775   -31.5925
1433   0.3995   0.0001   6.25624   -31.3558
1434   0.4004   0.0001   6.22809   -31.1447
1435   0.4014   0.0001   6.19702   -30.9124
1436   0.4024   0.0001   6.16619   -30.6825
1437   0.4034   0.0001   6.13559   -30.4548
1438   0.4043   0.0001   6.10824   -30.2517
1439   0.4053   0.0001   6.07806   -30.0283
1440   0.4063   0.0001   6.04811   -29.807
1441   0.4073   0.0001   6.01838   -29.5879
1442   0.4083   0.0001   5.98886   -29.371
1443   0.4092   0.0001   5.96249   -29.1775
1444   0.4102   0.0001   5.93338   -28.9646
1445   0.4112   0.0001   5.90449   -28.7537
1446   0.4122   0.0001   5.8758   -28.5449
1447   0.4131   0.0001   5.85016   -28.3586
1448   0.4141   0.0001   5.82187   -28.1536
1449   0.4151   0.0001   5.79379   -27.9505
1450   0.4161   0.0001   5.7659   -27.7494
1451   0.417   0.0001   5.74098   -27.57
1452   0.418   0.0001   5.71347   -27.3726
1453   0.419   0.0001   5.68616   -27.177
1454   0.42   0.0001   5.65905   -26.9832
1455   0.4209   0.0001   5.63481   -26.8104
1456   0.4219   0.0001   5.60806   -26.6201
1457   0.4229   0.0001   5.5815   -26.4317
1458   0.4239   0.0001   5.55513   -26.245
1459   0.4249   0.0001   5.52894   -26.06
1460   0.4258   0.0001   5.50553   -25.8951
1461   0.4268   0.0001   5.47969   -25.7134
1462   0.4278   0.0001   5.45403   -25.5334
1463   0.4288   0.0001   5.42855   -25.3551
1464   0.4297   0.0001   5.40577   -25.196
1465   0.4307   0.0001   5.38063   -25.0209
1466   0.4317   0.0001   5.35566   -24.8473
1467   0.4327   0.0001   5.33087   -24.6754
1468   0.4336   0.0001   5.3087   -24.5219
1469   0.4346   0.0001   5.28422   -24.353
1470   0.4356   0.0001   5.25992   -24.1856
1471   0.4366   0.0001   5.23578   -24.0197
1472   0.4375   0.0001   5.2142   -23.8717
1473   0.4385   0.0001   5.19038   -23.7087
1474   0.4395   0.0001   5.16671   -23.5471
1475   0.4405   0.0001   5.14321   -23.387
1476   0.4415   0.0001   5.11987   -23.2284
1477   0.4424   0.0001   5.099   -23.0869
1478   0.4434   0.0001   5.07595   -22.9309
1479   0.4444   0.0001   5.05306   -22.7764
1480   0.4454   0.0001   5.03033   -22.6233
1481   0.4463   0.0001   5.01   -22.4866
1482   0.4473   0.0001   4.98756   -22.336
1483   0.4483   0.0001   4.96526   -22.1868
1484   0.4493   0.0001   4.94311   -22.0389
1485   0.4502   0.0001   4.92331   -21.907
1486   0.4512   0.0001   4.90144   -21.7615
1487   0.4522   0.0001   4.87971   -21.6174
1488   0.4532   0.0001   4.85813   -21.4746
1489   0.4542   0.0001   4.83669   -21.3329
1490   0.4551   0.0001   4.81752   -21.2066
1491   0.4561   0.0001   4.79635   -21.0673
1492   0.4571   0.0001   4.77532   -20.9293
1493   0.4581   0.0001   4.75442   -20.7924
1494   0.459   0.0001   4.73573   -20.6703
1495   0.46   0.0001   4.71509   -20.5357
1496   0.461   0.0001   4.69459   -20.4023
1497   0.462   0.0001   4.67422   -20.27
1498   0.4629   0.0001   4.656   -20.1519
1499   0.4639   0.0001   4.63588   -20.0218
1500   0.4649   0.0001   4.61589   -19.8928
1501   0.4659   0.0001   4.59602   -19.7649
1502   0.4668   0.0001   4.57825   -19.6508
1503   0.4678   0.0001   4.55863   -19.525
1504   0.4688   0.0001   4.53913   -19.4002
1505   0.4698   0.0001   4.51976   -19.2765
1506   0.4708   0.0001   4.50051   -19.1539
1507   0.4717   0.0001   4.48329   -19.0444
1508   0.4727   0.0001   4.46427   -18.9237
1509   0.4737   0.0001   4.44537   -18.804
1510   0.4747   0.0001   4.4266   -18.6854
1511   0.4756   0.0001   4.4098   -18.5794
1512   0.4766   0.0001   4.39124   -18.4626
1513   0.4776   0.0001   4.3728   -18.3468
1514   0.4786   0.0001   4.35448   -18.232
1515   0.4795   0.0001   4.33808   -18.1295
1516   0.4805   0.0001   4.31998   -18.0164
1517   0.4815   0.0001   4.30198   -17.9043
1518   0.4825   0.0001   4.2841   -17.7932
1519   0.4834   0.0001   4.2681   -17.6939
1520   0.4844   0.0001   4.25042   -17.5845
1521   0.4854   0.0001   4.23286   -17.476
1522   0.4864   0.0001   4.2154   -17.3683
1523   0.4874   0.0001   4.19805   -17.2616
1524   0.4883   0.0001   4.18253   -17.1662
1525   0.4893   0.0001   4.16538   -17.0611
1526   0.4903   0.0001   4.14834   -16.9569
1527   0.4913   0.0001   4.1314   -16.8535
1528   0.4922   0.0001   4.11624   -16.7611
1529   0.4932   0.0001   4.0995   -16.6593
1530   0.4942   0.0001   4.08285   -16.5583
1531   0.4952   0.0001   4.06631   -16.4581
1532   0.4961   0.0001   4.05151   -16.3687
1533   0.4971   0.0001   4.03516   -16.27
1534   0.4981   0.0001   4.0189   -16.1722
1535   0.4991   0.0001   4.00274   -16.0751
1536   0.5   0.0001   3.98828   -15.9884
1537   0.502   0.0001   3.95643   -15.7979
1538   0.504   0.0001   3.92495   -15.6104
1539   0.5059   0.0001   3.89539   -15.4351
1540   0.5079   0.0001   3.86464   -15.2533
1541   0.5098   0.0001   3.83575   -15.0833
1542   0.5118   0.0001   3.80569   -14.907
1543   0.5137   0.0001   3.77746   -14.7421
1544   0.5157   0.0001   3.74808   -14.5711
1545   0.5176   0.0001   3.72048   -14.4111
1546   0.5196   0.0001   3.69176   -14.2452
1547   0.5215   0.0001   3.66478   -14.0899
1548   0.5235   0.0001   3.63669   -13.9289
1549   0.5254   0.0001   3.6103   -13.7782
1550   0.5274   0.0001   3.58283   -13.622
1551   0.5293   0.0001   3.55703   -13.4757
1552   0.5313   0.0001   3.53016   -13.3239
1553   0.5333   0.0001   3.50359   -13.1745
1554   0.5352   0.0001   3.47863   -13.0345
1555   0.5372   0.0001   3.45264   -12.8894
1556   0.5391   0.0001   3.42821   -12.7534
1557   0.5411   0.0001   3.40278   -12.6124
1558   0.543   0.0001   3.37888   -12.4804
1559   0.545   0.0001   3.35398   -12.3433
1560   0.5469   0.0001   3.33059   -12.215
1561   0.5489   0.0001   3.30622   -12.0819
1562   0.5508   0.0001   3.28332   -11.9571
1563   0.5528   0.0001   3.25947   -11.8277
1564   0.5547   0.0001   3.23705   -11.7065
1565   0.5567   0.0001   3.21369   -11.5806
1566   0.5586   0.0001   3.19174   -11.4627
1567   0.5606   0.0001   3.16887   -11.3404
1568   0.5625   0.0001   3.14736   -11.2257
1569   0.5645   0.0001   3.12496   -11.1067
1570   0.5665   0.0001   3.1028   -10.9894
1571   0.5684   0.0001   3.08196   -10.8794
1572   0.5704   0.0001   3.06025   -10.7653
1573   0.5723   0.0001   3.03983   -10.6583
1574   0.5743   0.0001   3.01856   -10.5472
1575   0.5762   0.0001   2.99855   -10.4431
1576   0.5782   0.0001   2.97771   -10.335
1577   0.5801   0.0001   2.9581   -10.2337
1578   0.5821   0.0001   2.93767   -10.1284
1579   0.584   0.0001   2.91846   -10.0298
1580   0.586   0.0001   2.89843   -9.92733
1581   0.5879   0.0001   2.8796   -9.83128
1582   0.5899   0.0001   2.85997   -9.73151
1583   0.5918   0.0001   2.8415   -9.63797
1584   0.5938   0.0001   2.82226   -9.5408
1585   0.5958   0.0001   2.8032   -9.44493
1586   0.5977   0.0001   2.78528   -9.35503
1587   0.5997   0.0001   2.7666   -9.26163
1588   0.6016   0.0001   2.74902   -9.17405
1589   0.6036   0.0001   2.73069   -9.08305
1590   0.6055   0.0001   2.71345   -8.99771
1591   0.6075   0.0001   2.69548   -8.90902
1592   0.6094   0.0001   2.67857   -8.82584
1593   0.6114   0.0001   2.66093   -8.7394
1594   0.6133   0.0001   2.64434   -8.65833
1595   0.6153   0.0001   2.62704   -8.57406
1596   0.6172   0.0001   2.61076   -8.49502
1597   0.6192   0.0001   2.59379   -8.41286
1598   0.6211   0.0001   2.57781   -8.33578
1599   0.6231   0.0001   2.56115   -8.25567
1600   0.625   0.0001   2.54548   -8.1805
1601   0.627   0.0001   2.52913   -8.10236
1602   0.629   0.0001   2.51293   -8.02521
1603   0.6309   0.0001   2.49769   -7.95282
1604   0.6329   0.0001   2.48179   -7.87756
1605   0.6348   0.0001   2.46683   -7.80694
1606   0.6368   0.0001   2.45122   -7.7335
1607   0.6387   0.0001   2.43653   -7.66459
1608   0.6407   0.0001   2.4212   -7.59293
1609   0.6426   0.0001   2.40678   -7.52568
1610   0.6446   0.0001   2.39173   -7.45575
1611   0.6465   0.0001   2.37756   -7.39011
1612   0.6485   0.0001   2.36278   -7.32184
1613   0.6504   0.0001   2.34887   -7.25776
1614   0.6524   0.0001   2.33435   -7.19111
1615   0.6543   0.0001   2.32069   -7.12855
1616   0.6563   0.0001   2.30643   -7.06348
1617   0.6583   0.0001   2.2923   -6.99919
1618   0.6602   0.0001   2.27899   -6.93884
1619   0.6622   0.0001   2.26511   -6.87606
1620   0.6641   0.0001   2.25204   -6.81711
1621   0.6661   0.0001   2.2384   -6.75579
1622   0.668   0.0001   2.22556   -6.69821
1623   0.67   0.0001   2.21215   -6.63831
1624   0.6719   0.0001   2.19953   -6.58206
1625   0.6739   0.0001   2.18636   -6.52353
1626   0.6758   0.0001   2.17395   -6.46857
1627   0.6778   0.0001   2.16101   -6.41138
1628   0.6797   0.0001   2.14881   -6.35767
1629   0.6817   0.0001   2.13609   -6.30178
1630   0.6836   0.0001   2.1241   -6.24929
1631   0.6856   0.0001   2.11159   -6.19466
1632   0.6875   0.0001   2.0998   -6.14335
1633   0.6895   0.0001   2.0875   -6.08995
1634   0.6915   0.0001   2.07531   -6.03716
1635   0.6934   0.0001   2.06382   -5.98758
1636   0.6954   0.0001   2.05183   -5.93597
1637   0.6973   0.0001   2.04054   -5.88749
1638   0.6993   0.0001   2.02875   -5.83702
1639   0.7012   0.0001   2.01764   -5.78961
1640   0.7032   0.0001   2.00604   -5.74026
1641   0.7051   0.0001   1.99512   -5.69389
1642   0.7071   0.0001   1.98371   -5.64562
1643   0.709   0.0001   1.97297   -5.60026
1644   0.711   0.0001   1.96175   -5.55304
1645   0.7129   0.0001   1.95118   -5.50867
1646   0.7149   0.0001   1.94014   -5.46248
1647   0.7168   0.0001   1.92974   -5.41907
1648   0.7188   0.0001   1.91888   -5.37387
1649   0.7208   0.0001   1.90811   -5.32917
1650   0.7227   0.0001   1.89796   -5.28716
1651   0.7247   0.0001   1.88737   -5.24341
1652   0.7266   0.0001   1.87738   -5.2023
1653   0.7286   0.0001   1.86695   -5.15949
1654   0.7305   0.0001   1.85713   -5.11925
1655   0.7325   0.0001   1.84686   -5.07734
1656   0.7344   0.0001   1.83719   -5.03795
1657   0.7364   0.0001   1.82709   -4.99692
1658   0.7383   0.0001   1.81757   -4.95836
1659   0.7403   0.0001   1.80763   -4.91819
1660   0.7422   0.0001   1.79826   -4.88043
1661   0.7442   0.0001   1.78847   -4.8411
1662   0.7461   0.0001   1.77924   -4.80413
1663   0.7481   0.0001   1.76961   -4.76561
1664   0.75   0.0001   1.76053   -4.7294
1665   0.752   0.0001   1.75104   -4.69168
1666   0.754   0.0001   1.74163   -4.65436
1667   0.7559   0.0001   1.73276   -4.61926
1668   0.7579   0.0001   1.72349   -4.5827
1669   0.7598   0.0001   1.71475   -4.54833
1670   0.7618   0.0001   1.70563   -4.51251
1671   0.7637   0.0001   1.69702   -4.47884
1672   0.7657   0.0001   1.68803   -4.44375
1673   0.7676   0.0001   1.67956   -4.41075
1674   0.7696   0.0001   1.67071   -4.37636
1675   0.7715   0.0001   1.66236   -4.34403
1676   0.7735   0.0001   1.65364   -4.31034
1677   0.7754   0.0001   1.64542   -4.27865
1678   0.7774   0.0001   1.63683   -4.24563
1679   0.7793   0.0001   1.62873   -4.21457
1680   0.7813   0.0001   1.62027   -4.1822
1681   0.7833   0.0001   1.61187   -4.15016
1682   0.7852   0.0001   1.60395   -4.12003
1683   0.7872   0.0001   1.59568   -4.08862
1684   0.7891   0.0001   1.58788   -4.05908
1685   0.7911   0.0001   1.57973   -4.02829
1686   0.793   0.0001   1.57204   -3.99933
1687   0.795   0.0001   1.56401   -3.96914
1688   0.7969   0.0001   1.55643   -3.94074
1689   0.7989   0.0001   1.54851   -3.91113
1690   0.8008   0.0001   1.54105   -3.88328
1691   0.8028   0.0001   1.53324   -3.85425
1692   0.8047   0.0001   1.52589   -3.82694
1693   0.8067   0.0001   1.5182   -3.79846
1694   0.8086   0.0001   1.51094   -3.77167
1695   0.8106   0.0001   1.50336   -3.74375
1696   0.8125   0.0001   1.49621   -3.71747
1697   0.8145   0.0001   1.48874   -3.69007
1698   0.8165   0.0001   1.48132   -3.66294
1699   0.8184   0.0001   1.47433   -3.63741
1700   0.8204   0.0001   1.46701   -3.6108
1701   0.8223   0.0001   1.46012   -3.58575
1702   0.8243   0.0001   1.45291   -3.55963
1703   0.8262   0.0001   1.4461   -3.53506
1704   0.8282   0.0001   1.439   -3.50943
1705   0.8301   0.0001   1.43229   -3.48531
1706   0.8321   0.0001   1.42528   -3.46016
1707   0.834   0.0001   1.41867   -3.4365
1708   0.836   0.0001   1.41175   -3.41181
1709   0.8379   0.0001   1.40523   -3.38858
1710   0.8399   0.0001   1.39842   -3.36436
1711   0.8418   0.0001   1.39198   -3.34155
1712   0.8438   0.0001   1.38526   -3.31777
1713   0.8458   0.0001   1.37858   -3.29422
1714   0.8477   0.0001   1.37229   -3.27204
1715   0.8497   0.0001   1.3657   -3.24892
1716   0.8516   0.0001   1.35949   -3.22715
1717   0.8536   0.0001   1.35299   -3.20444
1718   0.8555   0.0001   1.34686   -3.18307
1719   0.8575   0.0001   1.34046   -3.16077
1720   0.8594   0.0001   1.33441   -3.13978
1721   0.8614   0.0001   1.32809   -3.11789
1722   0.8633   0.0001   1.32212   -3.09728
1723   0.8653   0.0001   1.31589   -3.07577
1724   0.8672   0.0001   1.31   -3.05553
1725   0.8692   0.0001   1.30385   -3.03441
1726   0.8711   0.0001   1.29804   -3.01453
1727   0.8731   0.0001   1.29197   -2.99379
1728   0.875   0.0001   1.28624   -2.97426
1729   0.877   0.0001   1.28025   -2.95388
1730   0.879   0.0001   1.2743   -2.93369
1731   0.8809   0.0001   1.26868   -2.91468
1732   0.8829   0.0001   1.26281   -2.89485
1733   0.8848   0.0001   1.25726   -2.87617
1734   0.8868   0.0001   1.25147   -2.85668
1735   0.8887   0.0001   1.246   -2.83833
1736   0.8907   0.0001   1.24028   -2.81918
1737   0.8926   0.0001   1.23488   -2.80115
1738   0.8946   0.0001   1.22923   -2.78233
1739   0.8965   0.0001   1.2239   -2.76461
1740   0.8985   0.0001   1.21833   -2.74612
1741   0.9004   0.0001   1.21306   -2.7287
1742   0.9024   0.0001   1.20756   -2.71053
1743   0.9043   0.0001   1.20237   -2.69341
1744   0.9063   0.0001   1.19694   -2.67555
1745   0.9083   0.0001   1.19154   -2.65785
1746   0.9102   0.0001   1.18645   -2.64117
1747   0.9122   0.0001   1.18112   -2.62377
1748   0.9141   0.0001   1.17609   -2.60737
1749   0.9161   0.0001   1.17083   -2.59026
1750   0.918   0.0001   1.16586   -2.57415
1751   0.92   0.0001   1.16067   -2.55733
1752   0.9219   0.0001   1.15576   -2.54148
1753   0.9239   0.0001   1.15064   -2.52494
1754   0.9258   0.0001   1.14579   -2.50936
1755   0.9278   0.0001   1.14073   -2.4931
1756   0.9297   0.0001   1.13595   -2.47778
1757   0.9317   0.0001   1.13094   -2.46179
1758   0.9336   0.0001   1.12622   -2.44673
1759   0.9356   0.0001   1.12128   -2.431
1760   0.9375   0.0001   1.11662   -2.41619
1761   0.9395   0.0001   1.11174   -2.40072
1762   0.9415   0.0001   1.10689   -2.38539
1763   0.9434   0.0001   1.10231   -2.37094
1764   0.9454   0.0001   1.09752   -2.35586
1765   0.9473   0.0001   1.093   -2.34165
1766   0.9493   0.0001   1.08827   -2.32681
1767   0.9512   0.0001   1.0838   -2.31284
1768   0.9532   0.0001   1.07913   -2.29824
1769   0.9551   0.0001   1.07472   -2.28449
1770   0.9571   0.0001   1.0701   -2.27013
1771   0.959   0.0001   1.06574   -2.2566
1772   0.961   0.0001   1.06118   -2.24248
1773   0.9629   0.0001   1.05687   -2.22917
1774   0.9649   0.0001   1.05236   -2.21527
1775   0.9668   0.0001   1.04811   -2.20217
1776   0.9688   0.0001   1.04366   -2.1885
1777   0.9708   0.0001   1.03923   -2.17493
1778   0.9727   0.0001   1.03505   -2.16215
1779   0.9747   0.0001   1.03068   -2.14881
1780   0.9766   0.0001   1.02655   -2.13623
1781   0.9786   0.0001   1.02223   -2.12309
1782   0.9805   0.0001   1.01815   -2.11071
1783   0.9825   0.0001   1.01388   -2.09778
1784   0.9844   0.0001   1.00984   -2.0856
1785   0.9864   0.0001   1.00562   -2.07288
1786   0.9883   0.0001   1.00164   -2.06088
1787   0.9903   0.0001   0.997467   -2.04836
1788   0.9922   0.0001   0.993528   -2.03655
1789   0.9942   0.0001   0.989406   -2.02423
1790   0.9961   0.0001   0.985512   -2.0126
1791   0.9981   0.0001   0.981438   -2.00047
1792   1   0.0001   0.977589   -1.98903
1793   1.004   0.0001   0.969558   -1.96522
1794   1.0079   0.0001   0.961819   -1.94238
1795   1.0118   0.0001   0.954168   -1.91988
1796   1.0157   0.0001   0.946604   -1.89773
1797   1.0196   0.0001   0.939127   -1.87592
1798   1.0235   0.0001   0.931734   -1.85444
1799   1.0274   0.0001   0.924424   -1.83328
1800   1.0313   0.0001   0.917196   -1.81245
1801   1.0352   0.0001   0.910049   -1.79192
1802   1.0391   0.0001   0.902981   -1.77171
1803   1.043   0.0001   0.895992   -1.75179
1804   1.0469   0.0001   0.88908   -1.73217
1805   1.0508   0.0001   0.882245   -1.71284
1806   1.0547   0.0001   0.875484   -1.69379
1807   1.0586   0.0001   0.868797   -1.67503
1808   1.0625   0.0001   0.862183   -1.65654
1809   1.0665   0.0001   0.855474   -1.63785
1810   1.0704   0.0001   0.849004   -1.61991
1811   1.0743   0.0001   0.842604   -1.60222
1812   1.0782   0.0001   0.836272   -1.58478
1813   1.0821   0.0001   0.830008   -1.5676
1814   1.086   0.0001   0.823811   -1.55066
1815   1.0899   0.0001   0.817679   -1.53396
1816   1.0938   0.0001   0.811613   -1.5175
1817   1.0977   0.0001   0.80561   -1.50128
1818   1.1016   0.0001   0.79967   -1.48528
1819   1.1055   0.0001   0.793792   -1.46951
1820   1.1094   0.0001   0.787976   -1.45396
1821   1.1133   0.0001   0.78222   -1.43863
1822   1.1172   0.0001   0.776523   -1.4235
1823   1.1211   0.0001   0.770885   -1.40859
1824   1.125   0.0001   0.765305   -1.39389
1825   1.129   0.0001   0.759641   -1.37902
1826   1.1329   0.0001   0.754176   -1.36472
1827   1.1368   0.0001   0.748766   -1.35062
1828   1.1407   0.0001   0.743411   -1.33671
1829   1.1446   0.0001   0.73811   -1.32299
1830   1.1485   0.0001   0.732863   -1.30946
1831   1.1524   0.0001   0.727668   -1.2961
1832   1.1563   0.0001   0.722525   -1.28293
1833   1.1602   0.0001   0.717433   -1.26994
1834   1.1641   0.0001   0.712391   -1.25711
1835   1.168   0.0001   0.7074   -1.24446
1836   1.1719   0.0001   0.702457   -1.23198
1837   1.1758   0.0001   0.697564   -1.21966
1838   1.1797   0.0001   0.692718   -1.20751
1839   1.1836   0.0001   0.687919   -1.19551
1840   1.1875   0.0001   0.683167   -1.18367
1841   1.1915   0.0001   0.67834   -1.17169
1842   1.1954   0.0001   0.673681   -1.16016
1843   1.1993   0.0001   0.669066   -1.14878
1844   1.2032   0.0001   0.664496   -1.13755
1845   1.2071   0.0001   0.659969   -1.12646
1846   1.211   0.0001   0.655485   -1.11552
1847   1.2149   0.0001   0.651044   -1.10472
1848   1.2188   0.0001   0.646645   -1.09405
1849   1.2227   0.0001   0.642287   -1.08352
1850   1.2266   0.0001   0.637971   -1.07312
1851   1.2305   0.0001   0.633695   -1.06286
1852   1.2344   0.0001   0.629458   -1.05272
1853   1.2383   0.0001   0.625261   -1.04271
1854   1.2422   0.0001   0.621104   -1.03283
1855   1.2461   0.0001   0.616984   -1.02307
1856   1.25   0.0001   0.612903   -1.01343
1857   1.254   0.0001   0.608756   -1.00367
1858   1.2579   0.0001   0.60475   -0.994271
1859   1.2618   0.0001   0.60078   -0.984989
1860   1.2657   0.0001   0.596847   -0.975821
1861   1.2696   0.0001   0.59295   -0.966765
1862   1.2735   0.0001   0.589088   -0.95782
1863   1.2774   0.0001   0.58526   -0.948984
1864   1.2813   0.0001   0.581467   -0.940256
1865   1.2852   0.0001   0.577708   -0.931633
1866   1.2891   0.0001   0.573983   -0.923114
1867   1.293   0.0001   0.570291   -0.914698
1868   1.2969   0.0001   0.566631   -0.906382
1869   1.3008   0.0001   0.563004   -0.898167
1870   1.3047   0.0001   0.559409   -0.890049
1871   1.3086   0.0001   0.555846   -0.882028
1872   1.3125   0.0001   0.552314   -0.874102
1873   1.3165   0.0001   0.548723   -0.86607
1874   1.3204   0.0001   0.545253   -0.858332
1875   1.3243   0.0001   0.541814   -0.850685
1876   1.3282   0.0001   0.538404   -0.843128
1877   1.3321   0.0001   0.535023   -0.835659
1878   1.336   0.0001   0.531672   -0.828278
1879   1.3399   0.0001   0.528349   -0.820982
1880   1.3438   0.0001   0.525055   -0.81377
1881   1.3477   0.0001   0.521789   -0.806642
1882   1.3516   0.0001   0.518551   -0.799596
1883   1.3555   0.0001   0.51534   -0.792631
1884   1.3594   0.0001   0.512157   -0.785745
1885   1.3633   0.0001   0.509   -0.778939
1886   1.3672   0.0001   0.50587   -0.772209
1887   1.3711   0.0001   0.502766   -0.765557
1888   1.375   0.0001   0.499688   -0.758979
1889   1.379   0.0001   0.496558   -0.75231
1890   1.3829   0.0001   0.493532   -0.745882
1891   1.3868   0.0001   0.490531   -0.739526
1892   1.3907   0.0001   0.487555   -0.733241
1893   1.3946   0.0001   0.484603   -0.727027
1894   1.3985   0.0001   0.481676   -0.720881
1895   1.4024   0.0001   0.478772   -0.714804
1896   1.4063   0.0001   0.475893   -0.708794
1897   1.4102   0.0001   0.473036   -0.702851
1898   1.4141   0.0001   0.470203   -0.696972
1899   1.418   0.0001   0.467393   -0.691159
1900   1.4219   0.0001   0.464606   -0.685409
1901   1.4258   0.0001   0.461841   -0.679722
1902   1.4297   0.0001   0.459099   -0.674097
1903   1.4336   0.0001   0.456378   -0.668533
1904   1.4375   0.0001   0.453679   -0.663029
1905   1.4415   0.0001   0.450933   -0.657446
1906   1.4454   0.0001   0.448278   -0.652062
1907   1.4493   0.0001   0.445643   -0.646735
1908   1.4532   0.0001   0.44303   -0.641466
1909   1.4571   0.0001   0.440437   -0.636253
1910   1.461   0.0001   0.437864   -0.631096
1911   1.4649   0.0001   0.435312   -0.625994
1912   1.4688   0.0001   0.432779   -0.620945
1913   1.4727   0.0001   0.430267   -0.61595
1914   1.4766   0.0001   0.427773   -0.611008
1915   1.4805   0.0001   0.4253   -0.606118
1916   1.4844   0.0001   0.422845   -0.601278
1917   1.4883   0.0001   0.420409   -0.59649
1918   1.4922   0.0001   0.417992   -0.591752
1919   1.4961   0.0001   0.415594   -0.587063
1920   1.5   0.0001   0.413214   -0.582422
1921   1.504   0.0001   0.410791   -0.577713
1922   1.5079   0.0001   0.408448   -0.573169
1923   1.5118   0.0001   0.406122   -0.568673
1924   1.5157   0.0001   0.403814   -0.564222
1925   1.5196   0.0001   0.401524   -0.559817
1926   1.5235   0.0001   0.39925   -0.555457
1927   1.5274   0.0001   0.396994   -0.551142
1928   1.5313   0.0001   0.394755   -0.54687
1929   1.5352   0.0001   0.392532   -0.542642
1930   1.5391   0.0001   0.390326   -0.538456
1931   1.543   0.0001   0.388137   -0.534313
1932   1.5469   0.0001   0.385963   -0.530212
1933   1.5508   0.0001   0.383806   -0.526152
1934   1.5547   0.0001   0.381665   -0.522132
1935   1.5586   0.0001   0.379539   -0.518153
1936   1.5625   0.0001   0.377429   -0.514213
1937   1.5665   0.0001   0.375281   -0.510213
1938   1.5704   0.0001   0.373203   -0.506352
1939   1.5743   0.0001   0.371139   -0.50253
1940   1.5782   0.0001   0.36909   -0.498745
1941   1.5821   0.0001   0.367057   -0.494997
1942   1.586   0.0001   0.365038   -0.491286
1943   1.5899   0.0001   0.363033   -0.487612
1944   1.5938   0.0001   0.361043   -0.483974
1945   1.5977   0.0001   0.359068   -0.48037
1946   1.6016   0.0001   0.357106   -0.476802
1947   1.6055   0.0001   0.355159   -0.473269
1948   1.6094   0.0001   0.353225   -0.46977
1949   1.6133   0.0001   0.351305   -0.466305
1950   1.6172   0.0001   0.349399   -0.462873
1951   1.6211   0.0001   0.347506   -0.459474
1952   1.625   0.0001   0.345627   -0.456108
1953   1.629   0.0001   0.343713   -0.452688
1954   1.6329   0.0001   0.34186   -0.449387
1955   1.6368   0.0001   0.34002   -0.446117
1956   1.6407   0.0001   0.338194   -0.442878
1957   1.6446   0.0001   0.33638   -0.439669
1958   1.6485   0.0001   0.334578   -0.436491
1959   1.6524   0.0001   0.332789   -0.433343
1960   1.6563   0.0001   0.331013   -0.430225
1961   1.6602   0.0001   0.329248   -0.427136
1962   1.6641   0.0001   0.327496   -0.424076
1963   1.668   0.0001   0.325756   -0.421044
1964   1.6719   0.0001   0.324028   -0.418041
1965   1.6758   0.0001   0.322312   -0.415065
1966   1.6797   0.0001   0.320607   -0.412117
1967   1.6836   0.0001   0.318914   -0.409197
1968   1.6875   0.0001   0.317233   -0.406303
1969   1.6915   0.0001   0.31552   -0.403363
1970   1.6954   0.0001   0.313862   -0.400523
1971   1.6993   0.0001   0.312215   -0.397709
1972   1.7032   0.0001   0.310579   -0.394921
1973   1.7071   0.0001   0.308954   -0.392159
1974   1.711   0.0001   0.307339   -0.389421
1975   1.7149   0.0001   0.305736   -0.386709
1976   1.7188   0.0001   0.304143   -0.384021
1977   1.7227   0.0001   0.302561   -0.381357
1978   1.7266   0.0001   0.30099   -0.378717
1979   1.7305   0.0001   0.299429   -0.376102
1980   1.7344   0.0001   0.297878   -0.373509
1981   1.7383   0.0001   0.296337   -0.37094
1982   1.7422   0.0001   0.294807   -0.368394
1983   1.7461   0.0001   0.293287   -0.365871
1984   1.75   0.0001   0.291776   -0.36337
1985   1.754   0.0001   0.290238   -0.360828
1986   1.7579   0.0001   0.288747   -0.358372
1987   1.7618   0.0001   0.287266   -0.355937
1988   1.7657   0.0001   0.285795   -0.353524
1989   1.7696   0.0001   0.284334   -0.351133
1990   1.7735   0.0001   0.282882   -0.348762
1991   1.7774   0.0001   0.281439   -0.346412
1992   1.7813   0.0001   0.280006   -0.344083
1993   1.7852   0.0001   0.278582   -0.341774
1994   1.7891   0.0001   0.277167   -0.339485
1995   1.793   0.0001   0.275761   -0.337216
1996   1.7969   0.0001   0.274364   -0.334967
1997   1.8008   0.0001   0.272976   -0.332737
1998   1.8047   0.0001   0.271596   -0.330526
1999   1.8086   0.0001   0.270226   -0.328335
2000   1.8125   0.0001   0.268864   -0.326162
2001   1.8165   0.0001   0.267477   -0.323953
2002   1.8204   0.0001   0.266132   -0.321818
2003   1.8243   0.0001   0.264796   -0.319701
2004   1.8282   0.0001   0.263469   -0.317603
2005   1.8321   0.0001   0.26215   -0.315522
2006   1.836   0.0001   0.260839   -0.313458
2007   1.8399   0.0001   0.259536   -0.311413
2008   1.8438   0.0001   0.258241   -0.309384
2009   1.8477   0.0001   0.256955   -0.307373
2010   1.8516   0.0001   0.255676   -0.305378
2011   1.8555   0.0001   0.254405   -0.303401
2012   1.8594   0.0001   0.253143   -0.30144
2013   1.8633   0.0001   0.251888   -0.299495
2014   1.8672   0.0001   0.25064   -0.297566
2015   1.8711   0.0001   0.249401   -0.295654
2016   1.875   0.0001   0.248169   -0.293758
2017   1.879   0.0001   0.246913   -0.291829
2018   1.8829   0.0001   0.245696   -0.289964
2019   1.8868   0.0001   0.244487   -0.288115
2020   1.8907   0.0001   0.243285   -0.286281
2021   1.8946   0.0001   0.24209   -0.284461
2022   1.8985   0.0001   0.240903   -0.282657
2023   1.9024   0.0001   0.239723   -0.280868
2024   1.9063   0.0001   0.238549   -0.279093
2025   1.9102   0.0001   0.237383   -0.277333
2026   1.9141   0.0001   0.236224   -0.275587
2027   1.918   0.0001   0.235072   -0.273856
2028   1.9219   0.0001   0.233927   -0.272138
2029   1.9258   0.0001   0.232789   -0.270434
2030   1.9297   0.0001   0.231657   -0.268744
2031   1.9336   0.0001   0.230532   -0.267068
2032   1.9375   0.0001   0.229414   -0.265405
2033   1.9415   0.0001   0.228274   -0.263713
2034   1.9454   0.0001   0.22717   -0.262077
2035   1.9493   0.0001   0.226071   -0.260455
2036   1.9532   0.0001   0.22498   -0.258845
2037   1.9571   0.0001   0.223894   -0.257248
2038   1.961   0.0001   0.222816   -0.255663
2039   1.9649   0.0001   0.221743   -0.254091
2040   1.9688   0.0001   0.220677   -0.252532
2041   1.9727   0.0001   0.219617   -0.250985
2042   1.9766   0.0001   0.218563   -0.24945
2043   1.9805   0.0001   0.217515   -0.247927
2044   1.9844   0.0001   0.216473   -0.246416
2045   1.9883   0.0001   0.215438   -0.244917
2046   1.9922   0.0001   0.214408   -0.24343
2047   1.9961   0.0001   0.213384   -0.241955
