0   2   0.001   0.212367   -0.24049
1   2.008   0.001   0.210297   -0.237523
2   2.016   0.001   0.208252   -0.234602
3   2.024   0.001   0.206231   -0.231727
4   2.032   0.001   0.204234   -0.228897
5   2.04   0.001   0.202259   -0.226112
6   2.047   0.001   0.20055   -0.22371
7   2.055   0.001   0.198619   -0.221005
8   2.063   0.001   0.196709   -0.218342
9   2.071   0.001   0.194821   -0.21572
10   2.079   0.001   0.192955   -0.213139
11   2.086   0.001   0.191339   -0.210912
12   2.094   0.001   0.189513   -0.208404
13   2.102   0.001   0.187707   -0.205934
14   2.11   0.001   0.185921   -0.203501
15   2.118   0.001   0.184155   -0.201105
16   2.125   0.001   0.182627   -0.199037
17   2.133   0.001   0.180898   -0.196708
18   2.141   0.001   0.179188   -0.194413
19   2.149   0.001   0.177498   -0.192153
20   2.157   0.001   0.175826   -0.189926
21   2.165   0.001   0.174172   -0.187731
22   2.172   0.001   0.17274   -0.185838
23   2.18   0.001   0.17112   -0.183703
24   2.188   0.001   0.169518   -0.1816
25   2.196   0.001   0.167933   -0.179527
26   2.204   0.001   0.166366   -0.177484
27   2.211   0.001   0.165008   -0.175721
28   2.219   0.001   0.163472   -0.173733
29   2.227   0.001   0.161953   -0.171773
30   2.235   0.001   0.16045   -0.169842
31   2.243   0.001   0.158963   -0.167938
32   2.25   0.001   0.157675   -0.166294
33   2.258   0.001   0.156217   -0.16444
34   2.266   0.001   0.154775   -0.162612
35   2.274   0.001   0.153348   -0.16081
36   2.282   0.001   0.151936   -0.159033
37   2.29   0.001   0.150539   -0.15728
38   2.297   0.001   0.149329   -0.155767
39   2.305   0.001   0.147959   -0.15406
40   2.313   0.001   0.146603   -0.152376
41   2.321   0.001   0.145262   -0.150716
42   2.329   0.001   0.143934   -0.149078
43   2.336   0.001   0.142784   -0.147663
44   2.344   0.001   0.141482   -0.146067
45   2.352   0.001   0.140193   -0.144493
46   2.36   0.001   0.138918   -0.142939
47   2.368   0.001   0.137655   -0.141407
48   2.375   0.001   0.136561   -0.140083
49   2.383   0.001   0.135323   -0.138589
50   2.391   0.001   0.134097   -0.137115
51   2.399   0.001   0.132883   -0.13566
52   2.407   0.001   0.131682   -0.134225
53   2.415   0.001   0.130493   -0.132808
54   2.422   0.001   0.129462   -0.131584
55   2.43   0.001   0.128295   -0.130202
56   2.438   0.001   0.12714   -0.128838
57   2.446   0.001   0.125996   -0.127492
58   2.454   0.001   0.124864   -0.126164
59   2.461   0.001   0.123882   -0.125016
60   2.469   0.001   0.122771   -0.123719
61   2.477   0.001   0.12167   -0.122439
62   2.485   0.001   0.120581   -0.121176
63   2.493   0.001   0.119502   -0.119928
64   2.5   0.001   0.118566   -0.11885
65   2.508   0.001   0.117507   -0.117632
66   2.516   0.001   0.116458   -0.11643
67   2.524   0.001   0.11542   -0.115242
68   2.532   0.001   0.114391   -0.11407
69   2.54   0.001   0.113372   -0.112913
70   2.547   0.001   0.112489   -0.111911
71   2.555   0.001   0.111489   -0.110781
72   2.563   0.001   0.110498   -0.109664
73   2.571   0.001   0.109517   -0.108561
74   2.579   0.001   0.108546   -0.107472
75   2.586   0.001   0.107703   -0.10653
76   2.594   0.001   0.106749   -0.105466
77   2.602   0.001   0.105804   -0.104414
78   2.61   0.001   0.104867   -0.103376
79   2.618   0.001   0.10394   -0.10235
80   2.625   0.001   0.103136   -0.101462
81   2.633   0.001   0.102225   -0.10046
82   2.641   0.001   0.101323   -0.099469
83   2.649   0.001   0.100429   -0.0984902
84   2.657   0.001   0.0995433   -0.0975231
85   2.665   0.001   0.0986662   -0.0965676
86   2.672   0.001   0.0979054   -0.0957408
87   2.68   0.001   0.0970436   -0.0948064
88   2.688   0.001   0.0961899   -0.0938831
89   2.696   0.001   0.0953441   -0.0929706
90   2.704   0.001   0.0945062   -0.0920689
91   2.711   0.001   0.0937794   -0.0912885
92   2.719   0.001   0.092956   -0.0904065
93   2.727   0.001   0.0921402   -0.0895347
94   2.735   0.001   0.091332   -0.0886731
95   2.743   0.001   0.0905311   -0.0878214
96   2.75   0.001   0.0898365   -0.0870842
97   2.758   0.001   0.0890494   -0.0862509
98   2.766   0.001   0.0882696   -0.0854271
99   2.774   0.001   0.0874969   -0.0846128
100   2.782   0.001   0.0867313   -0.0838077
101   2.79   0.001   0.0859727   -0.0830118
102   2.797   0.001   0.0853145   -0.0823228
103   2.805   0.001   0.0845688   -0.0815438
104   2.813   0.001   0.0838298   -0.0807735
105   2.821   0.001   0.0830976   -0.0800119
106   2.829   0.001   0.082372   -0.0792588
107   2.836   0.001   0.0817425   -0.0786068
108   2.844   0.001   0.0810291   -0.0778694
109   2.852   0.001   0.0803222   -0.0771403
110   2.86   0.001   0.0796216   -0.0764192
111   2.868   0.001   0.0789273   -0.0757062
112   2.875   0.001   0.078325   -0.0750887
113   2.883   0.001   0.0776424   -0.0743903
114   2.891   0.001   0.0769658   -0.0736995
115   2.899   0.001   0.0762954   -0.0730163
116   2.907   0.001   0.0756309   -0.0723406
117   2.915   0.001   0.0749724   -0.0716722
118   2.922   0.001   0.074401   -0.0710933
119   2.93   0.001   0.0737534   -0.0704384
120   2.938   0.001   0.0731115   -0.0697907
121   2.946   0.001   0.0724754   -0.0691498
122   2.954   0.001   0.0718449   -0.0685159
123   2.961   0.001   0.0712978   -0.0679668
124   2.969   0.001   0.0706777   -0.0673455
125   2.977   0.001   0.0700631   -0.0667309
126   2.985   0.001   0.0694539   -0.0661228
127   2.993   0.001   0.0688501   -0.0655211
128   3   0.001   0.0683261   -0.0649998
129   3.008   0.001   0.0677322   -0.06441
130   3.016   0.001   0.0671435   -0.0638264
131   3.024   0.001   0.06656   -0.0632489
132   3.032   0.001   0.0659816   -0.0626775
133   3.04   0.001   0.0654082   -0.062112
134   3.047   0.001   0.0649107   -0.061622
135   3.055   0.001   0.0643467   -0.0610675
136   3.063   0.001   0.0637876   -0.0605187
137   3.071   0.001   0.0632334   -0.0599756
138   3.079   0.001   0.0626841   -0.0594381
139   3.086   0.001   0.0622073   -0.0589723
140   3.094   0.001   0.0616668   -0.0584451
141   3.102   0.001   0.0611311   -0.0579233
142   3.11   0.001   0.0606   -0.0574068
143   3.118   0.001   0.0600735   -0.0568956
144   3.125   0.001   0.0596165   -0.0564525
145   3.133   0.001   0.0590985   -0.055951
146   3.141   0.001   0.058585   -0.0554545
147   3.149   0.001   0.0580759   -0.054963
148   3.157   0.001   0.0575712   -0.0544764
149   3.165   0.001   0.0570709   -0.0539948
150   3.172   0.001   0.0566366   -0.0535773
151   3.18   0.001   0.0561443   -0.0531046
152   3.188   0.001   0.0556563   -0.0526366
153   3.196   0.001   0.0551724   -0.0521733
154   3.204   0.001   0.0546927   -0.0517146
155   3.211   0.001   0.0542763   -0.0513169
156   3.219   0.001   0.0538043   -0.0508666
157   3.227   0.001   0.0533363   -0.0504208
158   3.235   0.001   0.0528724   -0.0499793
159   3.243   0.001   0.0524123   -0.0495422
160   3.25   0.001   0.0520131   -0.0491632
161   3.258   0.001   0.0515604   -0.048734
162   3.266   0.001   0.0511116   -0.048309
163   3.274   0.001   0.0506666   -0.0478882
164   3.282   0.001   0.0502255   -0.0474714
165   3.29   0.001   0.0497881   -0.0470586
166   3.297   0.001   0.0494084   -0.0467007
167   3.305   0.001   0.0489779   -0.0462954
168   3.313   0.001   0.0485511   -0.0458939
169   3.321   0.001   0.048128   -0.0454963
170   3.329   0.001   0.0477084   -0.0451025
171   3.336   0.001   0.0473442   -0.044761
172   3.344   0.001   0.0469313   -0.0443742
173   3.352   0.001   0.0465219   -0.0439911
174   3.36   0.001   0.0461159   -0.0436116
175   3.368   0.001   0.0457134   -0.0432357
176   3.375   0.001   0.045364   -0.0429097
177   3.383   0.001   0.0449679   -0.0425405
178   3.391   0.001   0.0445751   -0.0421747
179   3.399   0.001   0.0441856   -0.0418123
180   3.407   0.001   0.0437995   -0.0414533
181   3.415   0.001   0.0434166   -0.0410977
182   3.422   0.001   0.0430842   -0.0407892
183   3.43   0.001   0.0427073   -0.0404398
184   3.438   0.001   0.0423336   -0.0400936
185   3.446   0.001   0.0419631   -0.0397506
186   3.454   0.001   0.0415957   -0.0394107
187   3.461   0.001   0.0412768   -0.039116
188   3.469   0.001   0.0409152   -0.038782
189   3.477   0.001   0.0405566   -0.0384511
190   3.485   0.001   0.0402011   -0.0381232
191   3.493   0.001   0.0398485   -0.0377984
192   3.5   0.001   0.0395425   -0.0375166
193   3.508   0.001   0.0391954   -0.0371972
194   3.516   0.001   0.0388514   -0.0368808
195   3.524   0.001   0.0385102   -0.0365673
196   3.532   0.001   0.0381718   -0.0362566
197   3.54   0.001   0.0378364   -0.0359487
198   3.547   0.001   0.0375451   -0.0356816
199   3.555   0.001   0.0372149   -0.0353789
200   3.563   0.001   0.0368875   -0.035079
201   3.571   0.001   0.0365628   -0.0347817
202   3.579   0.001   0.0362408   -0.0344871
203   3.586   0.001   0.0359613   -0.0342315
204   3.594   0.001   0.0356444   -0.0339418
205   3.602   0.001   0.0353302   -0.0336548
206   3.61   0.001   0.0350185   -0.0333702
207   3.618   0.001   0.0347095   -0.0330883
208   3.625   0.001   0.0344413   -0.0328436
209   3.633   0.001   0.0341371   -0.0325662
210   3.641   0.001   0.0338355   -0.0322914
211   3.649   0.001   0.0335365   -0.032019
212   3.657   0.001   0.0332399   -0.0317489
213   3.665   0.001   0.0329458   -0.0314813
214   3.672   0.001   0.0326905   -0.031249
215   3.68   0.001   0.0324011   -0.0309857
216   3.688   0.001   0.032114   -0.0307248
217   3.696   0.001   0.0318294   -0.0304661
218   3.704   0.001   0.0315471   -0.0302097
219   3.711   0.001   0.0313021   -0.0299872
220   3.719   0.001   0.0310243   -0.029735
221   3.727   0.001   0.0307488   -0.0294849
222   3.735   0.001   0.0304756   -0.0292371
223   3.743   0.001   0.0302047   -0.0289914
224   3.75   0.001   0.0299695   -0.0287781
225   3.758   0.001   0.0297029   -0.0285364
226   3.766   0.001   0.0294384   -0.0282967
227   3.774   0.001   0.0291762   -0.0280591
228   3.782   0.001   0.0289162   -0.0278236
229   3.79   0.001   0.0286584   -0.02759
230   3.797   0.001   0.0284346   -0.0273874
231   3.805   0.001   0.0281808   -0.0271576
232   3.813   0.001   0.0279292   -0.0269298
233   3.821   0.001   0.0276796   -0.0267039
234   3.829   0.001   0.0274322   -0.02648
235   3.836   0.001   0.0272174   -0.0262856
236   3.844   0.001   0.0269738   -0.0260652
237   3.852   0.001   0.0267323   -0.0258467
238   3.86   0.001   0.0264928   -0.0256301
239   3.868   0.001   0.0262553   -0.0254153
240   3.875   0.001   0.0260491   -0.0252289
241   3.883   0.001   0.0258153   -0.0250174
242   3.891   0.001   0.0255835   -0.0248078
243   3.899   0.001   0.0253537   -0.0246
244   3.907   0.001   0.0251258   -0.0243939
245   3.915   0.001   0.0248998   -0.0241895
246   3.922   0.001   0.0247036   -0.0240121
247   3.93   0.001   0.0244811   -0.023811
248   3.938   0.001   0.0242606   -0.0236115
249   3.946   0.001   0.0240418   -0.0234137
250   3.954   0.001   0.0238249   -0.0232176
251   3.961   0.001   0.0236367   -0.0230473
252   3.969   0.001   0.0234232   -0.0228543
253   3.977   0.001   0.0232115   -0.0226628
254   3.985   0.001   0.0230016   -0.0224729
255   3.993   0.001   0.0227935   -0.0222847
256   4   0.001   0.0226128   -0.0221212
257   4.016   0.001   0.0222048   -0.021752
258   4.032   0.001   0.0218037   -0.0213889
259   4.047   0.001   0.0214338   -0.021054
260   4.063   0.001   0.0210456   -0.0207024
261   4.079   0.001   0.020664   -0.0203566
262   4.094   0.001   0.0203121   -0.0200376
263   4.11   0.001   0.0199428   -0.0197027
264   4.125   0.001   0.0196023   -0.0193937
265   4.141   0.001   0.019245   -0.0190693
266   4.157   0.001   0.0188938   -0.0187502
267   4.172   0.001   0.0185699   -0.0184558
268   4.188   0.001   0.01823   -0.0181466
269   4.204   0.001   0.017896   -0.0178425
270   4.219   0.001   0.0175879   -0.0175619
271   4.235   0.001   0.0172647   -0.0172672
272   4.25   0.001   0.0169667   -0.0169953
273   4.266   0.001   0.0166541   -0.0167098
274   4.282   0.001   0.0163468   -0.016429
275   4.297   0.001   0.0160634   -0.0161697
276   4.313   0.001   0.0157662   -0.0158975
277   4.329   0.001   0.015474   -0.0156297
278   4.344   0.001   0.0152047   -0.0153825
279   4.36   0.001   0.0149221   -0.015123
280   4.375   0.001   0.0146616   -0.0148835
281   4.391   0.001   0.0143883   -0.0146319
282   4.407   0.001   0.0141197   -0.0143844
283   4.422   0.001   0.0138721   -0.0141559
284   4.438   0.001   0.0136124   -0.013916
285   4.454   0.001   0.0133572   -0.01368
286   4.469   0.001   0.0131219   -0.0134621
287   4.485   0.001   0.0128751   -0.0132333
288   4.5   0.001   0.0126477   -0.0130221
289   4.516   0.001   0.0124091   -0.0128003
290   4.532   0.001   0.0121747   -0.012582
291   4.547   0.001   0.0119586   -0.0123806
292   4.563   0.001   0.011732   -0.012169
293   4.579   0.001   0.0115093   -0.0119608
294   4.594   0.001   0.0113041   -0.0117687
295   4.61   0.001   0.0110889   -0.0115669
296   4.625   0.001   0.0108905   -0.0113806
297   4.641   0.001   0.0106826   -0.011185
298   4.657   0.001   0.0104782   -0.0109925
299   4.672   0.001   0.0102899   -0.0108148
300   4.688   0.001   0.0100925   -0.0106282
301   4.704   0.001   0.00989851   -0.0104446
302   4.719   0.001   0.00971977   -0.0102751
303   4.735   0.001   0.00953237   -0.0100972
304   4.75   0.001   0.00935969   -0.00993288
305   4.766   0.001   0.00917866   -0.00976037
306   4.782   0.001   0.00900083   -0.00959061
307   4.797   0.001   0.00883699   -0.00943393
308   4.813   0.001   0.00866523   -0.00926939
309   4.829   0.001   0.00849654   -0.00910749
310   4.844   0.001   0.00834112   -0.00895806
311   4.86   0.001   0.0081782   -0.00880114
312   4.875   0.001   0.00802811   -0.00865632
313   4.891   0.001   0.00787081   -0.00850425
314   4.907   0.001   0.00771631   -0.00835461
315   4.922   0.001   0.007574   -0.00821651
316   4.938   0.001   0.00742485   -0.0080715
317   4.954   0.001   0.00727838   -0.00792883
318   4.969   0.001   0.00714348   -0.00779716
319   4.985   0.001   0.0070021   -0.0076589
320   5   0.001   0.00687188   -0.00753132
321   5.016   0.001   0.00673543   -0.00739736
322   5.032   0.001   0.00660146   -0.00726556
323   5.047   0.001   0.00647807   -0.00714394
324   5.063   0.001   0.00634879   -0.00701625
325   5.079   0.001   0.00622187   -0.00689063
326   5.094   0.001   0.00610499   -0.00677471
327   5.11   0.001   0.00598253   -0.00665301
328   5.125   0.001   0.00586977   -0.00654072
329   5.141   0.001   0.00575163   -0.00642284
330   5.157   0.001   0.00563567   -0.00630687
331   5.172   0.001   0.00552891   -0.00619988
332   5.188   0.001   0.00541706   -0.00608756
333   5.204   0.001   0.00530729   -0.00597708
334   5.219   0.001   0.00520623   -0.00587515
335   5.235   0.001   0.00510037   -0.00576816
336   5.25   0.001   0.00500292   -0.00566945
337   5.266   0.001   0.00490085   -0.00556585
338   5.282   0.001   0.00480068   -0.00546394
339   5.297   0.001   0.00470848   -0.00536994
340   5.313   0.001   0.00461192   -0.00527128
341   5.329   0.001   0.00451718   -0.00517425
342   5.344   0.001   0.00442997   -0.00508476
343   5.36   0.001   0.00433865   -0.00499082
344   5.375   0.001   0.00425461   -0.00490419
345   5.391   0.001   0.00416661   -0.00481326
346   5.407   0.001   0.00408027   -0.00472386
347   5.422   0.001   0.00400082   -0.0046414
348   5.438   0.001   0.00391763   -0.00455487
349   5.454   0.001   0.00383603   -0.00446979
350   5.469   0.001   0.00376094   -0.00439134
351   5.485   0.001   0.00368233   -0.00430901
352   5.5   0.001   0.00361001   -0.00423309
353   5.516   0.001   0.0035343   -0.00415344
354   5.532   0.001   0.00346004   -0.00407513
355   5.547   0.001   0.00339173   -0.00400292
356   5.563   0.001   0.00332022   -0.00392717
357   5.579   0.001   0.00325009   -0.00385271
358   5.594   0.001   0.00318559   -0.00378405
359   5.61   0.001   0.00311807   -0.00371203
360   5.625   0.001   0.00305597   -0.00364563
361   5.641   0.001   0.00299098   -0.00357598
362   5.657   0.001   0.00292726   -0.00350752
363   5.672   0.001   0.00286866   -0.00344441
364   5.688   0.001   0.00280733   -0.00337822
365   5.704   0.001   0.00274721   -0.00331318
366   5.719   0.001   0.00269191   -0.00325322
367   5.735   0.001   0.00263406   -0.00319034
368   5.75   0.001   0.00258086   -0.00313238
369   5.766   0.001   0.00252521   -0.0030716
370   5.782   0.001   0.00247065   -0.00301188
371   5.797   0.001   0.00242049   -0.00295684
372   5.813   0.001   0.00236802   -0.00289913
373   5.829   0.001   0.00231659   -0.00284243
374   5.844   0.001   0.00226931   -0.00279018
375   5.86   0.001   0.00221985   -0.0027354
376   5.875   0.001   0.00217439   -0.00268492
377   5.891   0.001   0.00212684   -0.002632
378   5.907   0.001   0.00208025   -0.00258001
379   5.922   0.001   0.00203742   -0.00253212
380   5.938   0.001   0.00199263   -0.00248191
381   5.954   0.001   0.00194874   -0.0024326
382   5.969   0.001   0.00190841   -0.00238717
383   5.985   0.001   0.00186623   -0.00233955
384   6   0.001   0.00182747   -0.00229569
385   6.016   0.001   0.00178695   -0.00224972
386   6.032   0.001   0.00174725   -0.00220457
387   6.047   0.001   0.00171077   -0.00216299
388   6.063   0.001   0.00167263   -0.00211941
389   6.079   0.001   0.00163528   -0.00207663
390   6.094   0.001   0.00160095   -0.00203723
391   6.11   0.001   0.00156508   -0.00199594
392   6.125   0.001   0.00153211   -0.00195791
393   6.141   0.001   0.00149766   -0.00191807
394   6.157   0.001   0.00146392   -0.00187896
395   6.172   0.001   0.00143293   -0.00184295
396   6.188   0.001   0.00140053   -0.00180523
397   6.204   0.001   0.00136882   -0.0017682
398   6.219   0.001   0.00133968   -0.00173411
399   6.235   0.001   0.00130924   -0.00169839
400   6.25   0.001   0.00128128   -0.00166552
401   6.266   0.001   0.00125206   -0.00163108
402   6.282   0.001   0.00122346   -0.00159729
403   6.297   0.001   0.00119719   -0.00156618
404   6.313   0.001   0.00116975   -0.0015336
405   6.329   0.001   0.00114289   -0.00150164
406   6.344   0.001   0.00111822   -0.00147222
407   6.36   0.001   0.00109246   -0.00144141
408   6.375   0.001   0.0010688   -0.00141305
409   6.391   0.001   0.00104409   -0.00138337
410   6.407   0.001   0.0010199   -0.00135424
411   6.422   0.001   0.000997699   -0.00132744
412   6.438   0.001   0.000974511   -0.00129938
413   6.454   0.001   0.000951819   -0.00127186
414   6.469   0.001   0.000930992   -0.00124654
415   6.485   0.001   0.000909239   -0.00122003
416   6.5   0.001   0.000889275   -0.00119565
417   6.516   0.001   0.000868427   -0.00117012
418   6.532   0.001   0.000848031   -0.00114509
419   6.547   0.001   0.000829314   -0.00112206
420   6.563   0.001   0.00080977   -0.00109796
421   6.579   0.001   0.000790653   -0.00107433
422   6.594   0.001   0.000773111   -0.0010526
423   6.61   0.001   0.000754798   -0.00102986
424   6.625   0.001   0.000737995   -0.00100894
425   6.641   0.001   0.000720452   -0.000987054
426   6.657   0.001   0.000703298   -0.000965599
427   6.672   0.001   0.00068756   -0.000945869
428   6.688   0.001   0.000671132   -0.000925228
429   6.704   0.001   0.000655069   -0.000904996
430   6.719   0.001   0.000640335   -0.000886394
431   6.735   0.001   0.000624957   -0.000866934
432   6.75   0.001   0.000610852   -0.000849044
433   6.766   0.001   0.000596132   -0.000830332
434   6.782   0.001   0.000581742   -0.000811994
435   6.797   0.001   0.000568544   -0.000795138
436   6.813   0.001   0.000554774   -0.000777508
437   6.829   0.001   0.000541313   -0.000760235
438   6.844   0.001   0.00052897   -0.000744359
439   6.86   0.001   0.000516092   -0.000727757
440   6.875   0.001   0.000504284   -0.000712499
441   6.891   0.001   0.000491966   -0.000696546
442   6.907   0.001   0.000479927   -0.000680918
443   6.922   0.001   0.000468891   -0.000666558
444   6.938   0.001   0.000457378   -0.000651544
445   6.954   0.001   0.000446129   -0.000636839
446   6.969   0.001   0.000435817   -0.000623329
447   6.985   0.001   0.000425062   -0.000609206
448   7   0.001   0.000415204   -0.000596231
449   7.016   0.001   0.000404924   -0.00058267
450   7.032   0.001   0.00039488   -0.000569391
451   7.047   0.001   0.000385676   -0.000557193
452   7.063   0.001   0.000376077   -0.000544444
453   7.079   0.001   0.000366702   -0.000531963
454   7.094   0.001   0.000358111   -0.0005205
455   7.11   0.001   0.000349154   -0.000508521
456   7.125   0.001   0.000340947   -0.000497521
457   7.141   0.001   0.000332391   -0.000486027
458   7.157   0.001   0.000324035   -0.000474776
459   7.172   0.001   0.000316379   -0.000464445
460   7.188   0.001   0.0003084   -0.000453653
461   7.204   0.001   0.000300608   -0.000443091
462   7.219   0.001   0.000293471   -0.000433393
463   7.235   0.001   0.000286031   -0.000423263
464   7.25   0.001   0.000279217   -0.000413965
465   7.266   0.001   0.000272116   -0.000404252
466   7.282   0.001   0.000265184   -0.000394749
467   7.297   0.001   0.000258834   -0.000386026
468   7.313   0.001   0.000252218   -0.000376916
469   7.329   0.001   0.000245761   -0.000368005
470   7.344   0.001   0.000239847   -0.000359826
471   7.36   0.001   0.000233686   -0.000351285
472   7.375   0.001   0.000228044   -0.000343448
473   7.391   0.001   0.000222167   -0.000335266
474   7.407   0.001   0.000216432   -0.000327263
475   7.422   0.001   0.000211181   -0.00031992
476   7.438   0.001   0.000205711   -0.000312254
477   7.454   0.001   0.000200375   -0.000304758
478   7.469   0.001   0.00019549   -0.000297881
479   7.485   0.001   0.000190401   -0.000290703
480   7.5   0.001   0.000185744   -0.000284118
481   7.516   0.001   0.000180893   -0.000277246
482   7.532   0.001   0.000176161   -0.000270527
483   7.547   0.001   0.000171831   -0.000264364
484   7.563   0.001   0.000167322   -0.000257933
485   7.579   0.001   0.000162923   -0.000251647
486   7.594   0.001   0.000158899   -0.000245882
487   7.61   0.001   0.000154709   -0.000239867
488   7.625   0.001   0.000150875   -0.000234351
489   7.641   0.001   0.000146883   -0.000228597
490   7.657   0.001   0.000142991   -0.000222973
491   7.672   0.001   0.000139429   -0.000217817
492   7.688   0.001   0.000135722   -0.000212438
493   7.704   0.001   0.000132108   -0.000207183
494   7.719   0.001   0.000128802   -0.000202365
495   7.735   0.001   0.000125361   -0.000197341
496   7.75   0.001   0.000122214   -0.000192735
497   7.766   0.001   0.000118938   -0.000187932
498   7.782   0.001   0.000115746   -0.000183239
499   7.797   0.001   0.000112826   -0.000178939
500   7.813   0.001   0.000109787   -0.000174454
501   7.829   0.001   0.000106826   -0.000170074
502   7.844   0.001   0.000104117   -0.00016606
503   7.86   0.001   0.0001013   -0.000161876
504   7.875   0.001   9.87236e-05   -0.000158042
505   7.891   0.001   9.60433e-05   -0.000154045
506   7.907   0.001   9.34315e-05   -0.000150141
507   7.922   0.001   9.1044e-05   -0.000146566
508   7.938   0.001   8.85614e-05   -0.000142839
509   7.954   0.001   8.61412e-05   -0.000139199
510   7.969   0.001   8.39291e-05   -0.000135866
511   7.985   0.001   8.16288e-05   -0.000132392
512   8   0.001   7.95262e-05   -0.00012921
513   8.032   0.001   7.52102e-05   -0.000122658
514   8.063   0.001   7.12395e-05   -0.000116606
515   8.094   0.001   6.74668e-05   -0.000110832
516   8.125   0.001   6.38835e-05   -0.000105325
517   8.157   0.001   6.03724e-05   -9.99074e-05
518   8.188   0.001   5.71457e-05   -9.49076e-05
519   8.219   0.001   5.40816e-05   -9.01412e-05
520   8.25   0.001   5.11738e-05   -8.55988e-05
521   8.282   0.001   4.83263e-05   -8.11339e-05
522   8.313   0.001   4.57112e-05   -7.70163e-05
523   8.344   0.001   4.32304e-05   -7.30944e-05
524   8.375   0.001   4.08771e-05   -6.93593e-05
525   8.407   0.001   3.85747e-05   -6.5691e-05
526   8.438   0.001   3.64618e-05   -6.23108e-05
527   8.469   0.001   3.4458e-05   -5.90935e-05
528   8.5   0.001   3.25597e-05   -5.60321e-05
529   8.532   0.001   3.07035e-05   -5.30279e-05
530   8.563   0.001   2.90009e-05   -5.02617e-05
531   8.594   0.001   2.73884e-05   -4.7631e-05
532   8.625   0.001   2.58609e-05   -4.51297e-05
533   8.657   0.001   2.43694e-05   -4.26771e-05
534   8.688   0.001   2.30017e-05   -4.04206e-05
535   8.719   0.001   2.17075e-05   -3.82764e-05
536   8.75   0.001   2.04825e-05   -3.62391e-05
537   8.782   0.001   1.9286e-05   -3.4243e-05
538   8.813   0.001   1.81916e-05   -3.24083e-05
539   8.844   0.001   1.71553e-05   -3.0666e-05
540   8.875   0.001   1.61759e-05   -2.90121e-05
541   8.907   0.001   1.52201e-05   -2.73929e-05
542   8.938   0.001   1.43455e-05   -2.59056e-05
543   8.969   0.001   1.35192e-05   -2.44945e-05
544   9   0.001   1.2738e-05   -2.31559e-05
545   9.032   0.001   1.19771e-05   -2.18467e-05
546   9.063   0.001   1.12807e-05   -2.0645e-05
547   9.094   0.001   1.06231e-05   -1.95057e-05
548   9.125   0.001   1.00023e-05   -1.8426e-05
549   9.157   0.001   9.39764e-06   -1.73706e-05
550   9.188   0.001   8.84525e-06   -1.64028e-05
551   9.219   0.001   8.32366e-06   -1.54859e-05
552   9.25   0.001   7.83132e-06   -1.46176e-05
553   9.282   0.001   7.35226e-06   -1.37696e-05
554   9.313   0.001   6.9155e-06   -1.29926e-05
555   9.344   0.001   6.503e-06   -1.22571e-05
556   9.375   0.001   6.11418e-06   -1.15611e-05
557   9.407   0.001   5.73561e-06   -1.08819e-05
558   9.438   0.001   5.39054e-06   -1.026e-05
559   9.469   0.001   5.06567e-06   -9.67194e-06
560   9.5   0.001   4.75931e-06   -9.11582e-06
561   9.532   0.001   4.46188e-06   -8.57365e-06
562   9.563   0.001   4.19013e-06   -8.07751e-06
563   9.594   0.001   3.93472e-06   -7.60876e-06
564   9.625   0.001   3.69416e-06   -7.16585e-06
565   9.657   0.001   3.46029e-06   -6.73429e-06
566   9.688   0.001   3.2475e-06   -6.33985e-06
567   9.719   0.001   3.0473e-06   -5.9674e-06
568   9.75   0.001   2.859e-06   -5.61579e-06
569   9.782   0.001   2.67608e-06   -5.27346e-06
570   9.813   0.001   2.50943e-06   -4.96076e-06
571   9.844   0.001   2.35347e-06   -4.66587e-06
572   9.875   0.001   2.20644e-06   -4.38761e-06
573   9.907   0.001   2.06371e-06   -4.11692e-06
574   9.938   0.001   1.9339e-06   -3.86988e-06
575   9.969   0.001   1.81216e-06   -3.63702e-06
576   10   0.001   1.69747e-06   -3.41747e-06
577   10.032   0.001   1.58681e-06   -3.20418e-06
578   10.063   0.001   1.4858e-06   -3.00959e-06
579   10.094   0.001   1.39126e-06   -2.82635e-06
580   10.125   0.001   1.30226e-06   -2.65371e-06
581   10.157   0.001   1.216e-06   -2.48604e-06
582   10.188   0.001   1.13787e-06   -2.33331e-06
583   10.219   0.001   1.06492e-06   -2.18962e-06
584   10.25   0.001   9.96315e-07   -2.05436e-06
585   10.282   0.001   9.29307e-07   -1.92299e-06
586   10.313   0.001   8.69316e-07   -1.80354e-06
587   10.344   0.001   8.12931e-07   -1.69117e-06
588   10.375   0.001   7.59384e-07   -1.58537e-06
589   10.407   0.001   7.08652e-07   -1.48299e-06
590   10.438   0.001   6.61945e-07   -1.38972e-06
591   10.469   0.001   6.18598e-07   -1.30215e-06
592   10.5   0.001   5.77894e-07   -1.21984e-06
593   10.532   0.001   5.38532e-07   -1.1401e-06
594   10.563   0.001   5.02717e-07   -1.06759e-06
595   10.594   0.001   4.6909e-07   -9.99483e-07
596   10.625   0.001   4.38047e-07   -9.35622e-07
597   10.657   0.001   4.08055e-07   -8.73799e-07
598   10.688   0.001   3.80279e-07   -8.17534e-07
599   10.719   0.001   3.5472e-07   -7.64821e-07
600   10.75   0.001   3.31267e-07   -7.15455e-07
601   10.782   0.001   3.08118e-07   -6.67609e-07
602   10.813   0.001   2.8708e-07   -6.24171e-07
603   10.844   0.001   2.67859e-07   -5.8353e-07
604   10.875   0.001   2.49357e-07   -5.45334e-07
605   10.907   0.001   2.32e-07   -5.08508e-07
606   10.938   0.001   2.1626e-07   -4.75108e-07
607   10.969   0.001   2.01525e-07   -4.43811e-07
608   11   0.001   1.87732e-07   -4.14493e-07
609   11.032   0.001   1.74435e-07   -3.86179e-07
610   11.063   0.001   1.62377e-07   -3.60518e-07
611   11.094   0.001   1.51092e-07   -3.36492e-07
612   11.125   0.001   1.4053e-07   -3.14001e-07
613   11.157   0.001   1.30354e-07   -2.92299e-07
614   11.188   0.001   1.21123e-07   -2.72644e-07
615   11.219   0.001   1.12958e-07   -2.5434e-07
616   11.25   0.001   1.0487e-07   -2.37138e-07
617   11.282   0.001   9.75491e-08   -2.20635e-07
618   11.313   0.001   9.04777e-08   -2.05625e-07
619   11.344   0.001   8.4322e-08   -1.91673e-07
620   11.375   0.001   7.81238e-08   -1.78555e-07
621   11.407   0.001   7.26134e-08   -1.65997e-07
622   11.438   0.001   6.71899e-08   -1.54566e-07
623   11.469   0.001   6.25644e-08   -1.43966e-07
624   11.5   0.001   5.82566e-08   -1.34069e-07
625   11.532   0.001   5.36725e-08   -1.24465e-07
626   11.563   0.001   4.9949e-08   -1.15862e-07
627   11.594   0.001   4.64831e-08   -1.07834e-07
628   11.625   0.001   4.28166e-08   -1.00269e-07
629   11.657   0.001   3.97246e-08   -9.30668e-08
630   11.688   0.001   3.69415e-08   -8.65673e-08
631   11.719   0.001   3.43529e-08   -8.05072e-08
632   11.75   0.001   3.15141e-08   -7.47845e-08
633   11.782   0.001   2.92089e-08   -6.93562e-08
634   11.813   0.001   2.71356e-08   -6.44616e-08
635   11.844   0.001   2.52088e-08   -5.99017e-08
636   11.875   0.001   2.34184e-08   -5.56543e-08
637   11.907   0.001   2.17036e-08   -5.15759e-08
638   11.938   0.001   2.01623e-08   -4.79014e-08
639   11.969   0.001   1.8315e-08   -4.44114e-08
